total_tracks: 3791
unique_artists: 1012
avg_popularity: 48.957003429174364
avg_duration: 3.5995971413083625
most_popular_track: Die With A Smile
